err_1: 0.0
err_2: 0.0011326458828
err_3: -0.00446113365881
err_4: -0.00139622186704
err_5: -0.0011326458828
err_6: -0.113461273397
w_13: -3.0013383401
w_14: 1.99958113344
w_15: 3.99966020624
w_23: 1.9973233198
w_24: -3.00083773312
w_25: 0.49932041247
w_36: 0.175114538906
w_46: 0.699390712962
w_56: 1.46618967514
