Total: 146858886.14
Minimum: -30000.0 
Maximum: 30000.0
Mean: 168.685431492
Median: 50.0
Standard Deviation: 438.307269815
Candidates: P,2,0,0,0,2,5,5,6P,2,0,0,0,3,1,0,9P,2,0,0,0,2,9,7,8P,2,0,0,0,2,6,7,1P,6,0,0,0,3,6,5,4P,2,0,0,0,2,7,2,1P,2,0,0,0,3,0,6,7P,8,0,0,0,3,3,5,3P,0,0,0,0,3,6,0,8P,2,0,0,0,3,2,8,1P,8,0,0,0,0,7,4,8P,2,0,0,0,2,5,2,3P,8,0,0,0,3,3,3,8P,2,0,0,0,3,9,8,4
Min-max normalized values: [2500, 50, 250, 35, 8, 100, 19]
