Total: 146858886.14
Minimum: -30000.0 
Maximum: 30000.0
Mean: 168.685431492
Median: 50.0
Standard Deviation: 438.307269815
Candidates: Barack Obama, Charles Roemer, Gary Johnson, Herman Cain, Jill Stein, Jon Huntsman, Michele Bachmann, Mitt Romney, Newt Gingrich, Rick Perry, Rick Santorum, Ron Paul, Thaddeus McCotter, Timothy Pawlenty
Centroid: -11.0967739574
Cluster contents: [-13.65089255716321, -0.5409562932238607, -88.4726466247223, 4.066458182574449, -0.2027616409406292, 18.167220741624856, -1.3808002119514704, -6.759813255299466]
Centroid: 47.7971938289
Cluster contents: [39.30158828358612, 64.64143300482378, 38.68269424751338, 33.42013676314311, 31.18603331719732, 45.13590038987272, 30.791899783552395, 61.1727490302448, 88.88077709786394, 50.14991362212521, 55.92029956281276, 34.28290084421072]
