Total: 146858886.14
Minimum: -30000.0 
Maximum: 30000.0
Mean: 168.685431492
Median: 50.0
Standard Deviation: 438.307269815
Candidates: Barack Obama, Charles Roemer, Gary Johnson, Herman Cain, Jill Stein, Jon Huntsman, Michele Bachmann, Mitt Romney, Newt Gingrich, Rick Perry, Rick Santorum, Ron Paul, Thaddeus McCotter, Timothy Pawlenty
Min-max normalized values: [0.0833027767592253, 0.001633387779592653, 0.008300276675889196, 0.0011333711123704124, 0.000233341111370379, 0.003300110003666789, 0.0006000200006666889]
